state_id, state_name, year, mortality_by_road_traffic, gdp, inflation, unemployment, net_migration
1, Estonia, 2003, 13.60, 7205.41, 1.33, 11.29, -3705
1, Estonia, 2004, 13.90, 8916.07, 3.05, 10.25, -3681
1, Estonia, 2005, 14.70, 10414.64, 4.08, 8.03, -5208
1, Estonia, 2006, 19.30, 12641.48, 4.44, 5.92, -5351
1, Estonia, 2007, 17.00, 16745.43, 6.60, 4.59, -2941
1, Estonia, 2008, 12.40, 18205.91, 10.36, 5.46, -2034
1, Estonia, 2009, 8.80, 14712.45, -0.08, 13.55, -2089
1, Estonia, 2010, 6.80, 14663.70, 2.97, 16.71, -3781
1, Estonia, 2011, 8.10, 17555.55, 4.98, 12.33, -3941
1, Estonia, 2012, 6.80, 17568.21, 3.93, 10.02, -3674
1, Estonia, 2013, 7.10, 19310.39, 2.78, 8.63, -2688
1, Estonia, 2014, 6.10, 20581.79, -0.11, 7.35, -674
1, Estonia, 2015, 6.40, 17722.16, -0.49, 6.41, 4261
1, Estonia, 2016, 6.10, 18666.37, 0.15, 6.88, 1081
1, Estonia, 2017, 4.10, 20851.52, 3.42, 5.81, 5202
1, Estonia, 2018, 5.70, 23618.14, 3.44, 5.41, 7089
1, Estonia, 2019, 4.50, 24021.25, 2.28, 4.51, 5386
3, Germany, 2003, 8.40, 30711.10, 1.03, 9.78, 142009
3, Germany, 2004, 7.50, 34566.74, 1.67, 10.73, 81735
3, Germany, 2005, 6.90, 35084.44, 1.55, 11.19, 81351
3, Germany, 2006, 6.60, 36980.34, 1.58, 10.28, -489056
3, Germany, 2007, 6.40, 42350.92, 2.30, 8.73, -24772
3, Germany, 2008, 5.80, 46386.33, 2.63, 7.51, -23341
3, Germany, 2009, 5.30, 42487.21, 0.31, 7.88, 46533
3, Germany, 2010, 4.80, 42409.94, 1.10, 7.04, 130116
3, Germany, 2011, 5.30, 47646.58, 2.08, 5.97, 295282
3, Germany, 2012, 4.70, 44735.59, 2.01, 5.37, 199143
3, Germany, 2013, 4.40, 47220.01, 1.50, 5.32, 462384
3, Germany, 2014, 4.30, 48971.08, 0.91, 4.98, 592338
3, Germany, 2015, 4.40, 41911.01, 0.51, 4.61, 1175283
3, Germany, 2016, 4.00, 42961.04, 0.49, 4.10, 517480
3, Germany, 2017, 4.00, 45526.60, 1.51, 3.78, 452988
3, Germany, 2018, 4.10, 48874.86, 1.73, 3.38, 403908
3, Germany, 2019, 3.80, 47623.87, 1.45, 3.16, 319082
4, Hungary, 2003, 15.10, 8419.43, 2.94, 5.79, 13879
4, Hungary, 2004, 15.20, 10301.70, 6.19, 5.83, 16637
4, Hungary, 2005, 14.80, 11223.40, 6.75, 7.19, 16925
4, Hungary, 2006, 15.30, 11489.56, 6.54, 7.49, 19890
4, Hungary, 2007, 14.70, 13940.91, 10.09, 7.41, 13697
4, Hungary, 2008, 12.30, 15772.33, 15.40, 7.82, 16166
4, Hungary, 2009, 10.40, 13077.31, 3.53, 10.03, 17281
4, Hungary, 2010, 9.20, 13217.50, -1.08, 11.17, 10592
4, Hungary, 2011, 8.50, 14234.47, 4.37, 11.03, 1859
4, Hungary, 2012, 8.20, 12984.84, 2.26, 11.00, 15286
4, Hungary, 2013, 7.80, 13715.07, -0.03, 10.18, 5635
4, Hungary, 2014, 8.00, 14294.26, 0.62, 7.73, 11581
4, Hungary, 2015, 7.80, 12717.04, 0.17, 6.81, 13856
4, Hungary, 2016, 7.80, 13104.70, 0.14, 5.12, 68
4, Hungary, 2017, 8.00, 14621.24, 2.93, 4.16, 20200
4, Hungary, 2018, 8.10, 16425.21, 2.53, 3.71, 34190
4, Hungary, 2019, 7.70, 16786.21, 2.81, 3.42, 34339
5, Latvia, 2003, 24.60, 4914.58, 4.66, 12.06, -11422
5, Latvia, 2004, 23.50, 6109.73, 6.74, 11.71, -15136
5, Latvia, 2005, 21.40, 7283.79, 3.56, 10.03, -11134
5, Latvia, 2006, 20.00, 9211.74, 3.93, 7.03, -9211
5, Latvia, 2007, 20.10, 13370.98, 7.96, 6.05, -8027
5, Latvia, 2008, 18.50, 15677.61, 6.04, 7.74, -22445
5, Latvia, 2009, 12.30, 11996.03, 4.21, 17.52, -34807
5, Latvia, 2010, 11.80, 11188.42, 4.86, 19.48, -36128
5, Latvia, 2011, 9.00, 12902.57, 3.93, 16.21, -20202
5, Latvia, 2012, 10.10, 13329.35, 5.65, 15.05, -11914
5, Latvia, 2013, 9.90, 14484.47, 1.73, 11.87, -14386
5, Latvia, 2014, 12.40, 15185.81, -0.23, 10.85, -8799
5, Latvia, 2015, 11.20, 13321.98, -0.06, 9.87, -10826
5, Latvia, 2016, 9.30, 13838.53, 0.39, 9.64, -12327
5, Latvia, 2017, 8.10, 15132.50, 2.35, 8.72, -7867
5, Latvia, 2018, 9.10, 17252.17, 2.85, 7.41, -4972
5, Latvia, 2019, 8.10, 17294.98, 3.34, 6.31, -3416
6, Lithuania, 2003, 23.50, 5507.47, -1.13, 12.88, -22701
6, Lithuania, 2004, 23.60, 6734.57, 1.16, 10.68, -32312
6, Lithuania, 2005, 25.60, 7857.03, 2.66, 8.33, -51357
6, Lithuania, 2006, 26.70, 9210.10, 3.74, 5.78, -24730
6, Lithuania, 2007, 26.60, 12295.12, 5.74, 4.25, -21815
6, Lithuania, 2008, 18.30, 14955.53, 10.93, 5.83, -16482
6, Lithuania, 2009, 13.60, 11854.37, 4.45, 13.79, -32186
6, Lithuania, 2010, 12.10, 11829.12, 1.32, 17.81, -78887
6, Lithuania, 2011, 11.80, 14261.84, 4.13, 15.39, -38518
6, Lithuania, 2012, 12.90, 14294.72, 3.09, 13.37, -21387
6, Lithuania, 2013, 9.70, 15655.35, 1.05, 11.77, -16769
6, Lithuania, 2014, 11.20, 16473.57, 0.10, 10.70, -12387
6, Lithuania, 2015, 10.50, 14300.26, -0.88, 9.12, -22560
6, Lithuania, 2016, 8.10, 14981.62, 0.91, 7.86, -30612
6, Lithuania, 2017, 8.20, 16884.71, 3.72, 7.07, -28027
6, Lithuania, 2018, 7.50, 19368.54, 2.70, 6.15, -3459
6, Lithuania, 2019, 8.10, 19727.76, 2.33, 6.26, 10665
7, Poland, 2003, 16.50, 5720.81, 0.68, 19.90, -19039
7, Poland, 2004, 16.90, 6711.73, 3.38, 18.82, -38216
7, Poland, 2005, 16.00, 8043.92, 2.18, 17.59, -41942
7, Poland, 2006, 15.10, 9068.86, 1.28, 13.79, -68882
7, Poland, 2007, 16.40, 11272.53, 2.46, 9.55, -51235
7, Poland, 2008, 16.60, 14048.56, 4.16, 7.07, -42288
7, Poland, 2009, 13.30, 11556.30, 3.80, 8.13, -8283
7, Poland, 2010, 12.00, 12567.73, 2.58, 9.58, 119623
7, Poland, 2011, 12.80, 13867.67, 4.24, 9.58, 45951
7, Poland, 2012, 11.10, 13087.42, 3.56, 10.03, 4635
7, Poland, 2013, 10.80, 13621.90, 0.99, 10.29, 12402
7, Poland, 2014, 10.40, 14262.28, 0.05, 8.97, 5525
7, Poland, 2015, 9.30, 12637.52, -0.87, 7.48, 3887
7, Poland, 2016, 9.70, 12464.01, -0.66, 6.14, -5675
7, Poland, 2017, 9.10, 13913.34, 2.08, 4.87, -21535
7, Poland, 2018, 9.20, 15658.21, 1.81, 3.84, -223
7, Poland, 2019, 9.40, 15874.52, 2.23, 3.27, 7696
